pts0 = [
%471,115       %2
415,293       %3
500,256       %4
492,177       %5
422,382       %6
365,104       %7
516,206       %8
351,184        %9
%461,199        %10
523,155        %11
356,291        %12
492,448        %13
478,132        %14
339,206       %1
362,447        %15
];

pts1 = [
%465,257     %2
290,286     %3
350,340     %4
400,281     %5
142,278     %6
474,196     %7
369,312     %8
383,215     %9
%371,275     %10
501,338     %11
341,260     %12
37,303      %13
433,264     %14
347,211     %1
47,242      %15
];

y_invert = false;

xmin = -5000;
xmax = 5000;
ymin = -4000;
ymax = 4000;
box = [xmin ymin; 
       xmax ymax];


% Epipoles from camera matrices:

e0 = [3593.94,-1569.6];
e1 = [-2923.06,-1438.4];
